INPUT_DIR_PHYSICAL,OUTPUT_DIR_PHYSICAL,PACKAGE_DIR_PHYSICAL,BASE_PATH,PROJ_NAME,PROJECT_SOURCES,PROJ_HASH,PYPI_TAG,PROJ_MODULES,CONFIG_NAME,CONFIGURATION_OPTIONS,TESTS_TO_BE_RUN,FUNCS_TO_TRACE,THIRD_PARTY_COVERAGE,NUM_FLAPY_RUNS,SEED
/scratch/scharnboec/FlakyRoot/projects/conan,/scratch/scharnboec/FlakyRoot/projects/conan/pynguin_auto_tests_1653025019346_1365515,/scratch/scharnboec/FlakyRoot/flakyexperiments/src/test_package/conan_1653025019346_9028768,/scratch/scharnboec/FlakyRoot/flakyexperiments,conan,https://github.com/conan-io/conan,0eb405bde999d5b7b8e706b206940d2e24aa828e,2.0.0a7,conans.client.cmd.user conans.client.generators.virtualbuildenv conans.client.build.msbuild conans.model.conf conans.client.conf.required_version conans.conan_server conan.tools.cmake.cmake conans.client.cmd.search conans.client.build.cppstd_flags conans.server.service.user_service conans.client.rest.rest_client_v2 conans.server.rest.bottle_plugins.http_basic_authentication conans.client.generators.cmake_multi conan.tools.apple.apple conan.tools.qbs.qbs conan.tools.gnu.autotools conan.tools.cmake.toolchain.blocks conans.client.generators.json_generator conan.tools.gnu.pkgconfigdeps.pc_files_creator conan.tools.microsoft.toolchain conans.model.scm conans.model.rest_routes conan.tools.microsoft.msbuild conans.server.rest.api_v2 conans.client.rest.client_routes conans.client.remote_manager conan.tools.cmake.cmakedeps.templates.target_data conans.client.graph.printer conans.server.crypto.jwt.jwt_updown_manager conan.tools.google.toolchain conan.tools.apple.xcodedeps conans.client.loader conans.server.service.mime conans.client.tools.oss conans.server.service.authorize conan.tools.intel.intel_cc conans.client.cmd.build conans.model.profile conans.client.rest.rest_client_common conans.client.tools.settings conans.model.layout conans.model.values conans.server.rest.controller.v1.file_upload_download conans.server.rest.controller.v2.delete conans.cli.exit_codes conans.client.conan_api conans.assets.templates.new_v2_autotools conans.cli.command conans.assets.templates.info_graph_html conan.tools.premake.premake conans.client.cmd.copy conans.server.revision_list conans.client.generators.b2 conan.tools.files.cpp_package conans.server.migrations conans.client.generators.visualstudiolegacy conans.model.conan_generator conans.util.env_reader conans.server.rest.controller.v2.conan conans.assets.templates.new_v2_bazel conan.tools.cmake.cmakedeps.templates.target_configuration conans.client.recorder.upload_recoder conans.client.graph.grapher conans.client.graph.range_resolver conans.client.conf.config_installer conans.server.rest.controller.common.users conans.util.progress_bar conans.util.fallbacks conans.errors conans.model.conan_file conans.client.file_copier conans.client.store.localdb conan.tools.gnu.autotoolsdeps conan.tools.meson.helpers conans.server.store.disk_adapter conans.server.plugin_loader conan.tools.cmake.cmakedeps.templates.config_version conans.paths.package_layouts.package_editable_layout conan.tools.gnu.pkgconfigdeps.pkgconfigdeps conans.model.env_info conans.cli.cli conan.tools.files.patches conans.client.runner conans.client.generators.cmake conans.assets.templates.info_graph_dot conans.client.generators.virtualenv_python conan.tools.microsoft.msbuilddeps conan.tools.microsoft.layout conan.tools.scm.git conans.client.tools.pkg_config conans.search.query_parse conans.client.generators.gcc conans.client.generators.cmake_find_package_multi conans.client.generators.boostbuild conans.assets.templates.new_v2_msbuild conans.client.generators.text conan.tools.gnu.get_gnu_triplet conans.util.sha conans.model.settings conan.tools.env.virtualbuildenv conans.client.conanfile.build conan.tools.cmake.cmakedeps.templates.targets conans.util.conan_v2_mode conan.tools.gnu.pkgconfig conans.client.profile_loader conans.client.generators.compiler_args conans.client.build.cmake_flags conans.util.dates conan.tools.microsoft.visual conan.tools.meson.toolchain conans.util.tracer conans.model.user_info conans.client.conan_command_output conans.client.conanfile.configure conans.assets.templates.new_v2_meson conans.client.build.autotools_environment conans.server.crypto.jwt.jwt_credentials_manager conans.util.misc conans.client.output conans.client.rest.cacert conans.client.rest.conan_requester conans.server.conf.default_server_conf conans.client.tools.win conan.tools.build.cross_building conans.server.service.common.search conan.tools.apple.xcodebuild conans.util.encrypt conan.tools.gnu.gnudeps_flags conan.tools.env.virtualrunenv conans.client.cmd.export conan.tools.cmake.cmakedeps.templates.config conans.util.windows conans.client.downloaders.download conans.client.generators.premake conans.client.generators.cmake_find_package conans.client.subsystems conans.server.service.common.common conan.tools.files.symlinks.symlinks conans.model.editable_layout conans.client.cmd.uploader conans.client.rest.rest_client_v1 conans.server.rest.server conans.client.graph.graph conans.tools conans.client.recorder.search_recorder conans.model.build_info conans.client.generators.make conan.tools.cmake.cmakedeps.templates.macros conan.tools.cmake.layout conans.client.tools.net conans.client.generators.cmake_find_package_common conan.tools.cmake.file_api conans.migrations conans.client.graph.graph_binaries conans.client.build.cmake conans.client.cmd.new conans.client.importer conans.search.binary_html_table conans.client.cmd.profile conans.model.package_metadata conans.client.graph.proxy conans.client.recorder.action_recorder conans.cli.output conans.model.conanfile_interface conans.server.rest.api_v1 conan.tools.cmake.toolchain.toolchain conans.server.service.v1.upload_download_service conans.client.cmd.create conans.server.store.server_store conans.server.rest.controller.v2.search conans.client.tools.apple conans.client.downloaders.cached_file_downloader conans.client.userio conan.tools.google.layout conan.tools.meson.meson conans.client.generators.scons conan.tools.gnu.pkgconfigdeps.pc_info_loader conans.client.cmd.export_pkg conans.client.tools.files conan.tools.cmake.utils conans.client.conf.detect conan.tools.system.package_manager conans.client.manager conans.client.tools.version conans.client.generators.visualstudio_multi conans.client.cmd.test conans.server.rest.bottle_plugins.return_handler conans.model.dependencies conans.model.graph_lock conans.client.generators.pkg_config conans.model.graph_info conans.model.options conans.model.lock_bundle conans.model.workspace conans.client.source conans.client.conf.compiler_id conans.client.rest.rest_client conans.client.graph.python_requires conans.client.envvars.environment conans.client.generators.qbs conans.client.build.compiler_flags conans.util.templates conans.server.service.v2.service_v2 conans.client.hook_manager conans.util.files conans.build_info.build_info conans.client.cmd.new_ci conans.client.generators.xcode conans.client.generators.cmake_paths conans.server.migrate conans.build_info.conan_build_info conans.client.migrations_settings conan.tools.google.bazeldeps conan.tools.qbs.qbsprofile conans.client.settings_preprocessor conans.server.launcher conans.client.cache.cache conans.server.rest.bottle_routes conans.client.conanfile.package conan.tools.microsoft.subsystems conans.client.generators.visualstudio conan.tools.gnu.pkgconfigdeps.pc_files_templates conans.client.command conans.server.rest.controller.v1.delete conans.client.graph.graph_manager conan.tools.cmake.presets conans.client.tools.env conans.client.generators.virtualenv conans.server.rest.controller.v2.revisions conans.client.cmd.download conans.server.store.url_manager conans.server.service.v1.service conans.client.rest.auth_manager conan.tools.env.environment conan.tools.cmake.cmakedeps.cmakedeps conans.client.migrations conans.paths.package_layouts.package_cache_layout conans.client.generators.deploy conan.tools._compilers conans.server.rest.bottle_plugins.jwt_authentication conans.client.rest.file_uploader conans.model.info conans.client.tools.android conans.client.manifest_manager conans.client.packager conans.model.new_build_info conans.build_info.model conan.tools.apple.xcodetoolchain conans.client.cache.remote_registry conans.conan conan.tools.files.conandata conans.util.locks conan.tools.premake.premakedeps conans.client.printer conans.assets.templates.search_table_html conans.server.rest.controller.v1.search conans.client.generators.qmake conans.client.generators.virtualrunenv conan.errors conan.tools._check_build_profile conan.tools.google.bazel conans.build_info.command conan.tools.files.packager conans.model.requires conan.tools.files.files conans.assets.templates.new_v2_cmake conans.client.graph.graph_builder conan.tools.build.cpu conans.server.rest.bottle_plugins.authorization_header conans.client.graph.build_mode conans.client.cache.editable conans.search.search conans.model.version conans.server.rest.controller.v1.conan conans.client.downloaders.file_downloader conans.client.build.visual_environment conans.client.generators.ycm conans.server.server_launcher conans.model.ref conans.client.installer conans.util.runners conans.client.cmd.frogarian conans.client.loader_txt conans.client.generators.markdown conans.pylint_plugin conan.tools.files.copy_pattern conans.util.log conans.client.build.meson conans.client.remover conans.client.tools.intel conans.model.manifest conan.tools.gnu.autotoolstoolchain conans.server.crypto.jwt.jwt_manager conans.client.generators.cmake_common conans.server.rest.controller.common.ping conans.util.config_parser conans.client.run_environment conans.client.tools.system_pm conans.client.tools.scm conans.client.api.conan_api conans.client.graph.compatibility,DynaMOSA-TypeHints,--guess_unknown_types True --constant_seeding True --seeded_primitives_reuse_probability 0.2 --dynamic_constant_seeding True --seeded_dynamic_values_reuse_probability 0.6 --maximum_search_time 600 --output_variables Coverage --algorithm DYNAMOSA --type_inference_strategy TYPE_HINTS,pynguin_auto_tests_1653025019346_1365515,,,20,2
